[{"id": 0, "img_name": "095", "width": 1280, "height": 720, "position": [3.334705926283339, -0.648649009778887, -5.868439938297742], "rotation": [[0.9727838191110205, 0.12411400876984867, 0.19567154648250612], [-0.008314308608374085, 0.8626033247996406, -0.5058125901131469], [-0.2315653548097002, 0.4904194295413708, 0.8401584788479933]], "fy": 626.7137415567814, "fx": 625.8515276753801}, {"id": 1, "img_name": "096", "width": 1280, "height": 720, "position": [3.184907989607147, -0.6230398012971072, -5.5619094898631865], "rotation": [[0.9968136810938657, 0.02674835670441468, 0.07514659405262653], [0.011767994025199563, 0.8824725077443907, -0.4702167451207466], [-0.07889232852894962, 0.4696028092856129, 0.8793458944069396]], "fy": 626.7137415567814, "fx": 625.8515276753801}, {"id": 2, "img_name": "097", "width": 1280, "height": 720, "position": [3.0745124230833394, -0.6120000699498782, -5.2912257849592175], "rotation": [[0.9988962792267922, -0.04165479753381915, -0.02170486556712813], [0.028862778359372798, 0.9089045636545499, -0.4160041276157125], [0.03705621907653683, 0.4149185124941388, 0.9091036599956039]], "fy": 626.7137415567814, "fx": 625.8515276753801}, {"id": 3, "img_name": "098", "width": 1280, "height": 720, "position": [3.01316300114256, -0.5777781813137677, -5.022507973254273], "rotation": [[0.9866435717229731, -0.09437565356440987, -0.13276934281687594], [0.04241008139673948, 0.9357829217820807, -0.3500167257388052], [0.15727634079433742, 0.3397109938098597, 0.9272866834539687]], "fy": 626.7137415567814, "fx": 625.8515276753801}, {"id": 4, "img_name": "099", "width": 1280, "height": 720, "position": [2.9450716362452685, -0.5510183686609845, -4.770993329746535], "rotation": [[0.9691860464005444, -0.12030085237554534, -0.2149560708149444], [0.05538952670077744, 0.9567192257838361, -0.2856927079003619], [0.24002168192550022, 0.2649830710315187, 0.9339023312276072]], "fy": 626.7137415567814, "fx": 625.8515276753801}, {"id": 5, "img_name": "100", "width": 1280, "height": 720, "position": [2.896218793951177, -0.5456709450624815, -4.494988056178865], "rotation": [[0.9586685792052996, -0.11081931575545469, -0.26205654828678665], [0.06158675880216293, 0.9800181724687526, -0.18913342584337325], [0.27777981637393356, 0.16517705920163184, 0.9463376314660451]], "fy": 626.7137415567814, "fx": 625.8515276753801}, {"id": 6, "img_name": "101", "width": 1280, "height": 720, "position": [2.7765552573820176, -0.5019510181637904, -4.2737372165640295], "rotation": [[0.9591961066639719, -0.07656133655906057, -0.27217860074768585], [0.06022638440102326, 0.9958737742708264, -0.06788378555707766], [0.27625280375528877, 0.048721529777598103, 0.959849259495194]], "fy": 626.7137415567814, "fx": 625.8515276753801}, {"id": 7, "img_name": "102", "width": 1280, "height": 720, "position": [2.708760933902402, -0.46742140733718723, -4.0128318723617795], "rotation": [[0.9837286353495893, -0.044348301852510555, -0.17410112037558378], [0.046219392862763074, 0.9989088068025066, 0.006705476552047904], [0.17361376591915878, -0.014643217378401066, 0.9847049489406338]], "fy": 626.7137415567814, "fx": 625.8515276753801}, {"id": 8, "img_name": "103", "width": 1280, "height": 720, "position": [2.7027332021275576, -0.43420759480166315, -3.743049402364099], "rotation": [[0.999684405167614, -0.024966598229979663, 0.0027855048907585523], [0.024828243119529098, 0.9988149165315972, 0.041860731689452015], [-0.0038273239046648848, -0.04177836146621255, 0.9991195724761514]], "fy": 626.7137415567814, "fx": 625.8515276753801}, {"id": 9, "img_name": "104", "width": 1280, "height": 720, "position": [2.6854074246996213, -0.39262464188054647, -3.479944316100636], "rotation": [[0.9997125606602312, -0.023664088093603455, 0.0038479855588972713], [0.023487837153670966, 0.9988932074797038, 0.04075146079286111], [-0.004808072795407768, -0.04064936636169915, 0.999161904523179]], "fy": 626.7137415567814, "fx": 625.8515276753801}, {"id": 10, "img_name": "105", "width": 1280, "height": 720, "position": [2.607306564509442, -0.3816927662003701, -3.216648886731631], "rotation": [[0.992170394546111, -0.014770820661181051, 0.12401504361653018], [0.010536617359902014, 0.9993412067030522, 0.034729415196605884], [-0.12444632530061168, -0.03315079851651322, 0.9916723938261525]], "fy": 626.7137415567814, "fx": 625.8515276753801}, {"id": 11, "img_name": "106", "width": 1280, "height": 720, "position": [2.500719525653425, -0.33227437166507695, -2.9241071235379548], "rotation": [[0.960928575328169, 0.002592136479004146, 0.2767843094292913], [-0.01092863442489669, 0.9995317420434369, 0.028580790703188027], [-0.2765806176639687, -0.030488973024467254, 0.9605069413890414]], "fy": 626.7137415567814, "fx": 625.8515276753801}, {"id": 12, "img_name": "107", "width": 1280, "height": 720, "position": [2.353231170677522, -0.26732847877318533, -2.57983166786889], "rotation": [[0.9189048672247176, 0.02173424506041439, 0.3938800167340023], [-0.028928058619890774, 0.9995053812371164, 0.012335327418883374], [-0.39341709725837826, -0.022729176617307226, 0.9190790891512498]], "fy": 626.7137415567814, "fx": 625.8515276753801}, {"id": 13, "img_name": "108", "width": 1280, "height": 720, "position": [2.231778876331283, -0.2050512933815013, -2.2281409942005337], "rotation": [[0.8894984392713251, 0.035049947496781864, 0.4555919530834027], [-0.03912730744414866, 0.999234117636888, -0.00048162495896052004], [-0.45525990417128503, -0.017397681768064957, 0.8901885981762794]], "fy": 626.7137415567814, "fx": 625.8515276753801}, {"id": 14, "img_name": "109", "width": 1280, "height": 720, "position": [2.108104078335529, -0.13975469270611274, -1.855627548207612], "rotation": [[0.8832593797123452, 0.039455389467595296, 0.4672217250857704], [-0.042568888600903326, 0.9990859405452284, -0.0038952699701599474], [-0.46694834604423513, -0.01644857582944244, 0.8841316002042549]], "fy": 626.7137415567814, "fx": 625.8515276753801}, {"id": 15, "img_name": "110", "width": 1280, "height": 720, "position": [2.009575894556239, -0.119402251773785, -1.5065223398068721], "rotation": [[0.8652717566578484, 0.036266258355089516, 0.4999895455258669], [-0.04494632457566728, 0.9989752190661845, 0.005323494980511274], [-0.4992841025281898, -0.027078962250992218, 0.8660150776782292]], "fy": 626.7137415567814, "fx": 625.8515276753801}, {"id": 16, "img_name": "111", "width": 1280, "height": 720, "position": [1.9141945313731, -0.0630520202267485, -1.1518035796021542], "rotation": [[0.8231940524181365, 0.03934353501375381, 0.5663953021662765], [-0.05450912527892957, 0.9984645227041898, 0.009866719942331114], [-0.5651374233978246, -0.03899593765658113, 0.8240746383195833]], "fy": 626.7137415567814, "fx": 625.8515276753801}, {"id": 17, "img_name": "112", "width": 1280, "height": 720, "position": [1.7902810873715131, -0.06666274194009472, -0.8414218483531803], "rotation": [[0.7453970045181416, 0.027415375504755354, 0.6660568315401584], [-0.06634899232538662, 0.9972438158688208, 0.033205164188707885], [-0.6633107242256735, -0.06894322952492522, 0.7451615356618227]], "fy": 626.7137415567814, "fx": 625.8515276753801}, {"id": 18, "img_name": "113", "width": 1280, "height": 720, "position": [1.666409050254928, -0.0418214602390692, -0.5633434938065388], "rotation": [[0.6088366865678617, 0.025247044770456493, 0.7928937355153121], [-0.0852692271196239, 0.9957855616960963, 0.033767943733844376], [-0.7886995929981766, -0.08816859899050597, 0.6084235779097996]], "fy": 626.7137415567814, "fx": 625.8515276753801}, {"id": 19, "img_name": "114", "width": 1280, "height": 720, "position": [1.5022612804025715, -0.009938730533891825, -0.306809601641786], "rotation": [[0.42275603018357527, 0.03237570638778878, 0.9056650333204408], [-0.10644590138553675, 0.9942178543456746, 0.014146666692315315], [-0.8999703378565562, -0.10238491947632995, 0.4237578544902513]], "fy": 626.7137415567814, "fx": 625.8515276753801}, {"id": 20, "img_name": "115", "width": 1280, "height": 720, "position": [1.3151524845208893, 0.016719830578993056, -0.0645486608132715], "rotation": [[0.2378802046418613, 0.03525205282517878, 0.9706545734766601], [-0.12049961071154958, 0.9926919542815615, -0.006521328317099538], [-0.9637908756872059, -0.11541220332471433, 0.24038962387304413]], "fy": 626.7137415567814, "fx": 625.8515276753801}, {"id": 21, "img_name": "116", "width": 1280, "height": 720, "position": [1.1024192004720486, 0.0525849332271808, 0.18602346362902494], "rotation": [[0.047064840512528835, 0.04010075735949026, 0.9980865844438176], [-0.12820413425197225, 0.9911724276065684, -0.03377748826073887], [-0.9906304057256836, -0.12636909436922206, 0.05179045510584106]], "fy": 626.7137415567814, "fx": 625.8515276753801}, {"id": 22, "img_name": "117", "width": 1280, "height": 720, "position": [0.8501014687177264, 0.09303039483125124, 0.46739213491879805], "rotation": [[-0.11679908908517471, 0.03433126358190975, 0.9925620066926513], [-0.1299632379639039, 0.9902801536176197, -0.04954567719793062], [-0.9846154221658376, -0.13478346223455343, -0.11120201770316757]], "fy": 626.7137415567814, "fx": 625.8515276753801}, {"id": 23, "img_name": "118", "width": 1280, "height": 720, "position": [0.6188190418073097, 0.09259330089382344, 0.6992423416206981], "rotation": [[-0.17846055175128148, 0.0037920477297655585, 0.9839397602712489], [-0.13273943078867906, 0.9907583878266916, -0.027893735227690113], [-0.9749523449802691, -0.1355855350878927, -0.17630793428658886]], "fy": 626.7137415567814, "fx": 625.8515276753801}, {"id": 24, "img_name": "119", "width": 1280, "height": 720, "position": [0.383161834195974, 0.11541709564007188, 0.8664376175101828], "rotation": [[-0.1397036863804838, -0.06290424491880049, 0.9881932685375361], [-0.13181665615732951, 0.9902791805730591, 0.04440173063126108], [-0.9813802775536116, -0.12405724684493957, -0.1466374792951991]], "fy": 626.7137415567814, "fx": 625.8515276753801}, {"id": 25, "img_name": "120", "width": 1280, "height": 720, "position": [0.12056698778420062, 0.10296040653868974, 0.9193342082846944], "rotation": [[0.028429504369141458, -0.11469943744907918, 0.9929933546253921], [-0.1299712455399695, 0.9845376701553515, 0.11744382222092775], [-0.9911101041832404, -0.13239945277053336, 0.013082289247275251]], "fy": 626.7137415567814, "fx": 625.8515276753801}, {"id": 26, "img_name": "121", "width": 1280, "height": 720, "position": [-0.143543783734517, 0.1404363160425026, 0.8698773907360274], "rotation": [[0.21716841411279966, -0.09840470698920999, 0.9711613632935048], [-0.11876803998717714, 0.9848501145152478, 0.12635032495766538], [-0.9688818465578429, -0.14278223132333756, 0.2021910033334645]], "fy": 626.7137415567814, "fx": 625.8515276753801}, {"id": 27, "img_name": "122", "width": 1280, "height": 720, "position": [-0.4004148468624217, 0.0959690107361383, 0.7850084989909278], "rotation": [[0.39051054067565527, -0.08496500663586391, 0.9166692234762628], [-0.10692824051619232, 0.9848061042051716, 0.1368330680074964], [-0.9143674693477009, -0.1514525825715772, 0.37549200554882767]], "fy": 626.7137415567814, "fx": 625.8515276753801}, {"id": 28, "img_name": "123", "width": 1280, "height": 720, "position": [-0.6390356263033133, 0.10391964876671564, 0.6623979106799415], "rotation": [[0.5076264634443307, -0.06507320415377794, 0.8591163202454962], [-0.09720068556181366, 0.9864522734273894, 0.13215119740754563], [-0.8560767490928106, -0.15059014028513087, 0.4944241188611146]], "fy": 626.7137415567814, "fx": 625.8515276753801}, {"id": 29, "img_name": "124", "width": 1280, "height": 720, "position": [-0.8656859471433196, 0.04409530967664977, 0.5119134818331792], "rotation": [[0.5838790607418359, -0.057787179238989766, 0.809781380585422], [-0.08913530034769371, 0.9868700179455281, 0.13469397132804317], [-0.806932550253835, -0.1508250960410573, 0.5710618615746003]], "fy": 626.7137415567814, "fx": 625.8515276753801}, {"id": 30, "img_name": "125", "width": 1280, "height": 720, "position": [-1.1175321748844953, 0.05664854203809258, 0.4308932031038311], "rotation": [[0.6208498220181985, -0.04309296793762707, 0.7827442076529842], [-0.08382414099907531, 0.9891141120008597, 0.12094125361727413], [-0.7794350594409634, -0.14069921661145568, 0.6104790893709501]], "fy": 626.7137415567814, "fx": 625.8515276753801}, {"id": 31, "img_name": "126", "width": 1280, "height": 720, "position": [-1.3963279327691849, -0.008616621048379238, 0.41325439179368173], "rotation": [[0.6643144339550762, -0.04288341285543224, 0.7462220485491013], [-0.07759895030023896, 0.9890012016435185, 0.12591674257213567], [-0.7434142423650812, -0.14155435722557955, 0.6536800656278308]], "fy": 626.7137415567814, "fx": 625.8515276753801}, {"id": 32, "img_name": "127", "width": 1280, "height": 720, "position": [-1.6559691908278806, 0.005350071533777768, 0.5019852902171085], "rotation": [[0.698030031950094, -0.03642825359304493, 0.7151412845276879], [-0.07323890592069021, 0.989835680092474, 0.1219072970556305], [-0.7123132296646545, -0.13747111971621623, 0.6882670659625366]], "fy": 626.7137415567814, "fx": 625.8515276753801}, {"id": 33, "img_name": "128", "width": 1280, "height": 720, "position": [-1.886592063349346, 0.010728236404768585, 0.6482691988584213], "rotation": [[0.7349157057310701, -0.03402387433646502, 0.677304423021834], [-0.06726884245911773, 0.9901576243560728, 0.12273052498766676], [-0.6748139064245885, -0.13575807491517528, 0.7253936426460549]], "fy": 626.7137415567814, "fx": 625.8515276753801}, {"id": 34, "img_name": "129", "width": 1280, "height": 720, "position": [-2.075942252220678, 0.023177883996247095, 0.8289081814178872], "rotation": [[0.7346414343995034, -0.03468183888046794, 0.6775685448095339], [-0.06710068345519676, 0.9900819883298496, 0.12343076871127683], [-0.6751292181081231, -0.1361426694195486, 0.7250280769873905]], "fy": 626.7137415567814, "fx": 625.8515276753801}, {"id": 35, "img_name": "130", "width": 1280, "height": 720, "position": [-2.225733852603912, 0.05733166126192726, 1.0664039565928505], "rotation": [[0.7349234467718456, -0.03461901480737701, 0.6772658644865817], [-0.06633309985318053, 0.990237287651604, 0.12259703914965764], [-0.6748981013818739, -0.13502458279202834, 0.7254522139968833]], "fy": 626.7137415567814, "fx": 625.8515276753801}, {"id": 36, "img_name": "131", "width": 1280, "height": 720, "position": [-2.3156208730420555, 0.09828538972185244, 1.3504831121010898], "rotation": [[0.74410506518988, -0.03275952380402058, 0.6672589194300053], [-0.06544548269106756, 0.9904183008658344, 0.12160788669065338], [-0.6648492616782374, -0.13415812651556902, 0.7348313114829381]], "fy": 626.7137415567814, "fx": 625.8515276753801}, {"id": 37, "img_name": "132", "width": 1280, "height": 720, "position": [-2.356283824409364, 0.1450104529011726, 1.6965330846583226], "rotation": [[0.7197755081457077, -0.02645556109109123, 0.6937026172366251], [-0.06908329114480936, 0.9915836923286319, 0.10949557065250848], [-0.6907609693361297, -0.1267354898805876, 0.711890018785583]], "fy": 626.7137415567814, "fx": 625.8515276753801}, {"id": 38, "img_name": "133", "width": 1280, "height": 720, "position": [-2.3385356187828776, 0.19709203474766027, 2.0580092336841034], "rotation": [[0.6750025338351797, -0.015974103933398827, 0.7376424657783822], [-0.07610060017015367, 0.9929260212294596, 0.09114063319495166], [-0.733880288582429, -0.11765519269866201, 0.6690119413442569]], "fy": 626.7137415567814, "fx": 625.8515276753801}, {"id": 39, "img_name": "134", "width": 1280, "height": 720, "position": [-2.3574646987235988, 0.24920769311481236, 2.3872730865459806], "rotation": [[0.5981712141334559, -0.0013084927184004234, 0.801367260642031], [-0.08626676864328921, 0.9940824586652417, 0.06601598292772153], [-0.796711518185819, -0.10862022473220122, 0.594518631809949]], "fy": 626.7137415567814, "fx": 625.8515276753801}, {"id": 40, "img_name": "135", "width": 1280, "height": 720, "position": [-2.3945269179376885, 0.3033969221432407, 2.6841645367905764], "rotation": [[0.4941194133620122, 0.015070930963545814, 0.8692634079372447], [-0.09777364345079503, 0.9944700344966975, 0.03833621179112653], [-0.8638786488767607, -0.10393371699323246, 0.4928604898821095]], "fy": 626.7137415567814, "fx": 625.8515276753801}, {"id": 41, "img_name": "136", "width": 1280, "height": 720, "position": [-2.4510473152292023, 0.3463657489116969, 2.920188303150536], "rotation": [[0.36844958643511333, 0.033836117760860214, 0.9290317644680761], [-0.10766726676997868, 0.9941657879606121, 0.006491973115900112], [-0.9233919329959929, -0.10241827563246964, 0.36994301573944494]], "fy": 626.7137415567814, "fx": 625.8515276753801}, {"id": 42, "img_name": "137", "width": 1280, "height": 720, "position": [-2.537426153436422, 0.3617061192764618, 3.1785914000784565], "rotation": [[0.23219185414989435, 0.05266550111442522, 0.971243166183835], [-0.11664063649765627, 0.9928350744661835, -0.025951432082821805], [-0.9656510263981786, -0.10726070996452601, 0.23667115437680614]], "fy": 626.7137415567814, "fx": 625.8515276753801}, {"id": 43, "img_name": "138", "width": 1280, "height": 720, "position": [-2.577312919417809, 0.3971644361007094, 3.4344913846035023], "rotation": [[0.11743514868425131, 0.06965758726641273, 0.990634547343131], [-0.12131167223262787, 0.991072431930317, -0.05530743935358679], [-0.9856431727727999, -0.1136804961457739, 0.1248370167955781]], "fy": 626.7137415567814, "fx": 625.8515276753801}, {"id": 44, "img_name": "139", "width": 1280, "height": 720, "position": [-2.596264960683542, 0.4238674184344542, 3.704161439690116], "rotation": [[-0.003118193830695047, 0.07526600608502963, 0.9971586158657219], [-0.12504210432394028, 0.989307739171746, -0.0750644347286341], [-0.9921465360587997, -0.12492087712987295, 0.006326566495986449]], "fy": 626.7137415567814, "fx": 625.8515276753801}, {"id": 45, "img_name": "140", "width": 1280, "height": 720, "position": [-2.5779540514417723, 0.4444121621057542, 3.972119242863919], "rotation": [[-0.1062787674716276, 0.07522399437958763, 0.9914868502679656], [-0.1285530086480692, 0.9877262585347957, -0.08871844322565187], [-0.9859913526761991, -0.13688750443496858, -0.09530405855641881]], "fy": 626.7137415567814, "fx": 625.8515276753801}, {"id": 46, "img_name": "141", "width": 1280, "height": 720, "position": [-2.530297767329523, 0.5022760517464832, 4.236935605164664], "rotation": [[-0.18521075106459262, 0.08186452795197968, 0.9792829911487734], [-0.12544319698648032, 0.9864019656324113, -0.10618458704692692], [-0.97465941847391, -0.14251091628263024, -0.1724229008002839]], "fy": 626.7137415567814, "fx": 625.8515276753801}, {"id": 47, "img_name": "142", "width": 1280, "height": 720, "position": [-2.3949559150864554, 0.5327991006912681, 4.4803072205146135], "rotation": [[-0.2982451680918514, 0.07368952101067944, 0.9516405173189503], [-0.12435231435669959, 0.98551807776546, -0.11528495266774855], [-0.9463542262937253, -0.15272188085107222, -0.2847625422792034]], "fy": 626.7137415567814, "fx": 625.8515276753801}, {"id": 48, "img_name": "143", "width": 1280, "height": 720, "position": [-2.197508811503841, 0.5663196739627137, 4.682140043115536], "rotation": [[-0.2971360565701713, 0.0741947928495725, 0.9519481585674383], [-0.12445753980303663, 0.9854615134846078, -0.1156543394205396], [-0.9466892228562143, -0.15284220017598166, -0.28358204663423536]], "fy": 626.7137415567814, "fx": 625.8515276753801}, {"id": 49, "img_name": "144", "width": 1280, "height": 720, "position": [-1.921271289715596, 0.6004459332699297, 4.86820583694199], "rotation": [[-0.2964190126751411, 0.07509818175383234, 0.9521008518124343], [-0.12300041194373668, 0.9855997799234393, -0.11603435903446675], [-0.9471043593957139, -0.15150358712630146, -0.2829134063657952]], "fy": 626.7137415567814, "fx": 625.8515276753801}, {"id": 50, "img_name": "145", "width": 1280, "height": 720, "position": [-1.5866872501191012, 0.6167397947923112, 5.040279434766165], "rotation": [[-0.3174388940351973, 0.07098587194677498, 0.9456180806951963], [-0.12480688712697731, 0.9853921549559885, -0.11586864061024975], [-0.940029674786591, -0.15480086219123373, -0.3039422701525175]], "fy": 626.7137415567814, "fx": 625.8515276753801}, {"id": 51, "img_name": "146", "width": 1280, "height": 720, "position": [-1.226859772477917, 0.6292766024514428, 5.177418627111648], "rotation": [[-0.4344388558479899, 0.054984498156596395, 0.8990214599729843], [-0.12414640022168094, 0.9849527583318234, -0.12023200558308425], [-0.8921045632892409, -0.16384373291951032, -0.42107562187986197]], "fy": 626.7137415567814, "fx": 625.8515276753801}]